7 10
%
0
0000000001110001000100100010010001001000100100010010001000111000000000
0000000011111001000100100010010001001000100100010010001001111100000000
%
1
0000000000100000110000101000000100000010000001000000100000010000000000
0000000000010000011000000100000010000001000000100000010000011100000000
0000000000010000001000000100000010000001000000100000010000001000000000
%
2
0000000001110001000100000010000001000001000001000001000001111100000000
0000000001110001000100100010000001000001000001000001000001111100000000
0000000011111000000100000010000001001111100100000010000001111100000000
0000000011111000000100000010011111001000000100000011111000000000000000
0000000011111000000100000010011111001000000100000010000001111100000000
%
3
0000000011111000000100000010000001001111100000010000001001111100000000
0000000011111000000100000010011111000000100000010000001001111100000000
0000000011111000000100000010000111000000100000010000001001111100000000
0000000011111000000100000010000001000011100000010000001001111100000000
0000000001110001000100000010000001000011000000010000001001000100011100
%
4
0000000000110000101000100100010010001111100000100000010000001000000000
0000000000010000011000010100010010001001000111110000010000001000000000
0000000000010000010000010000010000001111100000100000010000001000000000
%
5
0000000011110001000000100000011100000001000000100011100000000000000000
0000000011111001000000100000010000001111100000010000001000000100111110
0000000000000001111100100000010000001111000000010000001001000100011100
%
6
0000000001110001000100100000010000001111000100010010001000111000000000
0000000011111001000000100000010000001111100100010010001001111100000000
0000000011111001000000100000010000001111100100010010001001000100111110
%
7
0000000011111000000100000010000010000010000001000000100000010000000000
0000000011111000000100000110000100000010000001000000100000010000000000
%
8
0000000001110001000100100010010001000111000100010010001001000100011100
0000000011111001000100100010010001001111100100010010001001000100111110
0000000001110001000100100010001110001000100100010010001000111000000000
%
9
0000000001110001000100100010001111000000100000010010001000111000000000
0000000011111001000100100010010001001111100000010000001000000100111110
