5 7
%
0
11111100011000110001100011000111111
01110100011000110001100011000101110
%
1
10000100001000010000100001000010000
01000010000100001000010000100001000
00100001000010000100001000010000100
00010000100001000010000100001000010
00001000010000100001000010000100001
01000110000100001000010000100001000
00100011000010000100001000010000100
00010001100001000010000100001000010
00001000110000100001000010000100001
%
2
11111000010000111111100001000011111
11110000010000111111100001000001111
11110000100001011110100001000011110
01111000010000101111010000100001111
00110010010000100010001000100001111
01100100100001000100010001000011110
%
3
01100100100001001110000101001001100
00110010010000100111000010100100110
01111000010000100111000010000101111
11111000010000111111000010000111111
01110100010000100111000011000101110
%
4
00100010001000011100001000010000100
00010001000100001110000100001000010
00001000100010000111000010000100001
00010001000100010010111110001000010
%
5
11111100001000011111000010000111111
01110100011000011111000011000101111
01111010000100001111000010000101111
11110100001000011110000100001011110
%
6
11110100001000011110100101001011110
01111010000100001111010010100101111
11111100001000011111100011000111111
01110100011000011110100011000101110
01110100001000011110100101001001100
%
7
11111000010000100001000010000100001
11111000010000100001000100010000100
01111000010000100010001000010000100
11110000100001000100010000100001000
%
8
11111100011000111111100011000111111
01110100011000101110100011000101110
01111010010100101111010010100101111
11110100101001011110100101001011110
%
9
11111100011000111111000010000111111
11110100101001011110000100001011110
01111010010100101111000010000101111
