5 7
%
0
00000011100101001010010100111000000
01100100101001010010100101001001100
00000001000101001010010100010000000
00000011101000110001100011000101110
%
1
00000001000110000100001000010000000
01000110000100001000010000100011100
00100011001010000100001000010001110
%
2
00000011100001001110010000111000000
01100100100001000100010001000011110
00000011000001001110010000011000000
11110000100001011110100001000011110
11100000100001001100100001000001110
%
3
00000011100001001110000100111000000
01100100100001001100000101001001100
11100000100001001100000100001011100
01100100100001001100000101001001100
%
4
00000001100101001111000100001000000
00010001100101010010111100001000010
00000001000110010100111100010000100
00100010001000011100001000010000000
%
5
00000011100100001110000100111000000
00000111101000011100000101001001100
00000000110010000111000010011000000
%
6
00000011100100001110010100111000000
00000001100100001110010010100100110
00000001100100001110010010011000000
%
7
00000011100001000010001000010000000
00000111101001000010001000100001000
11110000100001000010000100001000010
%
8
00000011100101001110010100111000000
00000011001001001100100101001001100
11110100101001011110100101001011110
01100100101001001100100101001001100
%
9
00000011100101001110000100111000000
11110100101001011110000100001011110
