0,70620677054429 7,68592663706405 -4,19682405435723
1,79503010742402 8,2803098126157 -8,21969933740186
-0,298632701562335 7,39932691373546 -3,6552580127749
-0,862108748791734 7,24039525552243 -3,29685555158795
0,20178475926544 7,54307412686117 -3,94666264022604
2,09009571227985 7,99072152705251 -5,28794879827735
2,13725106551291 8,01008828546544 -6,09674297814007
1,77287885681375 7,93863775068449 -7,1060358081581
-0,256900393317766 7,41126102351483 -3,68111486567501
-4,53343050529718 -2,6029263847846 -0,0462228751058458
-2,70245024842897 5,91553205872258 -0,691847846894454
1,78924529263842 8,24947574811677 -8,18383783955257
2,17163781118023 8,00363517083666 -5,73322470734755
-2,39312284169529 6,84536108687966 -2,58738286398172
2,09075324296011 8,00812156098154 -6,27174502031138
-3,67550438671861 6,21041399627629 -1,41177343387634
1,7108441882133 7,98624584559992 -7,677997429136
1,79568626097644 7,94372212371138 -7,03320746009169
0,536641776984791 7,63860979142061 -4,11656444640138
-2,18669660707961 5,5925890037856 -0,450554451753433
-1,89845708521862 6,9687225965962 -2,75208600086069
2,10077130591427 7,99199016342436 -5,31863031000487
-2,37743009473682 6,84927197091019 -2,5918248611017
-0,162887357325893 3,22095017600533 2,13688379936375
-1,08316249204762 4,79684140026617 0,752226057528325
0,145318363571926 7,52683317706393 -3,91606234736125
2,17088106398136 8,00596844430325 -5,83220268883482
1,73523075828956 7,93391664426973 -7,25651499433632
2,15865074850816 8,00881017853216 -5,97330348179415
-3,62248091971731 -2,69480000736713 -0,200914874779016
-0,808798199515574 7,25519324792748 -3,33050899833386
1,74169546871787 8,07513273117529 -7,91493148049235
-3,83338515565003 6,43728007893692 -2,03490227224656
1,87568831094872 7,96473674601844 -6,8183010134608
-3,49780566889263 6,56839270430999 -2,26737787496727
-3,49855584316926 6,17499574865899 -1,21530757338381
-3,46698429547659 6,57692337455328 -2,28052958611051
-3,77237417725432 6,23989614188477 -1,54398202176077
1,76485561034785 8,14836637751142 -8,04551239800492
-4,77272125639436 -2,57066938171425 0,0029366460140731
-3,82033416764835 -2,67813699054912 -0,173229551775451
-3,79223810508486 6,46252559047087 -2,08285096998046
1,90724917530731 7,96513564683216 -4,95661321117592
-0,691225536379698 7,28804501395243 -3,40545371872098
-4,76061929306635 -2,57239704557911 0,00039406188576001
-2,25572847498573 6,87960155983543 -2,62775278275023
0,824393444758722 7,71822103575983 -4,25167634585656
-0,79404115955811 4,493032831623 1,21674955352513
-0,353706228642273 7,38360301030138 -3,62082050871695
0,0120958068353123 7,48849008237104 -3,84144760773438
0,362925335506032 0,911734226322193 0,341021858810936 0,349814250980894 0,346704804774557 0,507437642767634 0,623832848855731 0,757261414742866 0,34105212002481 -0,725537781022123 0,248561824911274 0,905477873664077 0,569653488957449 0,456102986138727 0,649813701166866 0,532702468765128 0,828872949419623 0,748629906059848 0,356353055036435 0,0683541229475909 0,411807092228291 0,511586396098779 0,454613757609251 -0,681974180851406 -0,25443744799137 0,345516973713174 0,584196584739358 0,775234119130758 0,605271244169572 -0,763383691800588 0,348206541763523 0,862516201325604 0,60407650180123 0,722880776491953 0,571514216140672 0,490824037663884 0,56808648158944 0,5564298613372 0,882602099424369 -0,713217820683388 -0,755972919372677 0,601508002061248 0,462748705457279 0,345250619724075 -0,713874830405654 0,443228605905963 0,368208296956762 -0,358263172749212 0,341116573389698 0,343240738462248 -1,19582164131979
-0,203541365362157 1,52818650313531 -0,410452549792767 -0,489750322843303 -0,317705205286309 0,301071899810344 0,53603112558992 0,864153782320852 -0,403506140749573 -0,451628289449028 -0,563122583917928 1,49909169270373 0,43169325444119 -0,567526098231191 0,587451669235216 -0,50084098890847 1,14834827425086 0,835580802641437 -0,244250527945552 -0,452762343018103 -0,563502438909464 0,310599826453768 -0,567675526041348 -0,0180634052339075 -0,121925259432299 -0,329194296798794 0,459874443327554 0,928019614837441 0,500287469275751 -0,472332999013123 -0,48342277868561 1,3002448876494 -0,470707185675961 0,758267076715432 -0,512107523734327 -0,528808935438634 -0,515094055665795 -0,484194317663607 1,39289743251524 -0,443114179802838 -0,468947141731144 -0,476812409693441 0,186681771049279 -0,468591169151615 -0,443588420549742 -0,568238187161596 -0,173725005123504 -0,0517409133588141 -0,419396707278103 -0,355274304202879 -1,3027674766704
-0,354086390376312 0,68445527835774 -0,103264660335745 0,0769067122322549 -0,239327671121337 -0,498214452819506 -0,275349645994806 0,195352383272366 -0,115476041638247 -0,477368144911594 0,583972725813457 0,671208675156519 -0,406404893496109 0,669617832591916 -0,198757445426779 1,24719058889004 0,467014198603511 0,160106881918767 -0,317983131937847 0,112718670432193 0,468460010968739 -0,494302517706395 0,663158361483372 -1,44114773414027 -0,634659826549238 -0,225096119895232 -0,375436203834537 0,268512122551814 -0,324921407446835 -0,590562756688519 0,0586765770647636 0,567495732668734 1,32523593468888 0,0571957937716896 1,15378304689904 1,15256182420575 1,13890182971367 1,29727067568756 0,618993023412729 -0,445468237780589 -0,567312006225714 1,303081718471 -0,51848165280166 0,0193185265694976 -0,447094139991373 0,613242461566385 -0,377756067010079 -0,840392024627545 -0,0869069964576006 -0,190397927663346 -2,50813599247268
-0,251780573372493 0,793352610734955 -0,116873838466836 1,11241152597176E-05 -0,196719508490356 -0,164879505104254 0,03401387593244 0,360042081490104 -0,124411022238903 -0,411010264329421 0,117711809022276 0,778742395953233 -0,0651821277373784 0,443520474116222 0,0871250763607185 0,854842309770111 0,57821048260879 0,334481692616762 -0,236383803913982 -0,323236223920405 0,284862481355816 -0,15863700907541 0,438339360321204 -2,09279746891886 -1,10117834849984 -0,188895845211523 -0,0398926318773993 0,414722750416876 -0,00157988340766909 -0,606556413763998 -0,0122548551811993 0,671808516584443 0,986957081762754 0,261945154726019 0,844004267202355 0,743756832514455 0,831377040819521 0,915483368547446 0,723380804184184 -0,358449187070787 -0,564893091782245 0,969567909239615 -0,22656220505587 -0,0384116120964414 -0,36111295869359 0,398474993709923 -0,260497753727723 -1,34515729040292 -0,106689773764524 -0,169209804292504 -3,72993671411141
-0,0118276978848195 0,765413067928324 0,0767840486007303 0,150771688243058 0,0258286276891835 0,0210132006522756 0,165573610345184 0,434316813620959 0,0720323032169376 -0,712160981970886 0,11219833522432 0,755159583120237 0,08873569774744 0,450729782475559 0,208248224836033 0,710496646323378 0,608449397653275 0,412955440289736 -0,000818360338803254 -0,299421829342875 0,340395805359625 0,0248592253887693 0,447095406489713 -1,59148099395801 -0,923749142830563 0,0309239473263944 0,107730143449278 0,479508642049922 0,137390151261148 -0,786177722056146 0,142930683869521 0,678287312856703 0,822282913606599 0,352089920978565 0,730396160217064 0,625396306321159 0,721847417299358 0,756884969406469 0,715748794604126 -0,690750873359711 -0,770839553715756 0,81204460121785 -0,0140737580164846 0,126290114132023 -0,691857688908529 0,419189180835448 -0,0184201401182702 -1,09537361802705 0,0831991726631831 0,0436073393244339 -2,43332397917662
0,562343134145616 0,948002955072856 0,445188511069856 0,374813444425771 0,505637965692017 0,730564647126336 0,780433318385902 0,832866402055595 0,450364005735232 -0,805603672677276 -0,326876809958634 0,942119161661241 0,760238319211375 0,205840896231869 0,789606176813548 -0,1899193621681 0,877179168914095 0,82864173709881 0,543713523012642 -0,368073830607253 0,256423950662711 0,732933342297441 0,207434874321066 -0,166243658704186 -0,337112097350656 0,499023131748251 0,765937297412651 0,842367137651941 0,773777682211993 -0,723051038537833 0,381415284895185 0,903847489822171 -0,023865771321882 0,817124594167264 0,0689441000586877 -0,224177762772055 0,0745128467404538 -0,164138390549816 0,921235855029549 -0,827050165484253 -0,74088601900553 -0,00569515273141449 0,699607803967692 0,396066926523717 -0,825975100068091 0,219776462611901 0,575146427186328 -0,304743901210323 0,438333966226226 0,483191249243973 0,206475680015424
0,602960772203446 0,968958780577102 0,490995094744965 0,424101573254995 0,548625010992181 0,760745336903957 0,805286273403044 0,854291673926729 0,495917743949796 -0,802832309590588 -0,281474263734657 0,963005808021596 0,787173844342854 0,259212304138866 0,813630868405058 -0,153939553394813 0,897806842285876 0,850224238012013 0,585090118439235 -0,31727637476239 0,309825905577456 0,762864173450731 0,260829067727008 -0,064980649184532 -0,27047999930147 0,542302542241198 0,792257303125718 0,8635031151051 0,79928307139958 -0,706844710144852 0,430383593648281 0,924449554540837 0,0169368889483264 0,839237379058675 0,115996278497929 -0,187260604318564 0,121936471172596 -0,128355572534681 0,941928441279042 -0,82838009013307 -0,727374551174628 0,0362692324264611 0,732733041025905 0,444314404546431 -0,82708992712174 0,273298348090389 0,615242598985223 -0,230855407993024 0,484477704780463 0,527187453843906 0,320798824488082
0,626480090535046 0,986063572635513 0,515105151743698 0,447779602249341 0,572593898689536 0,77978988001145 0,821765310245154 0,869608830966376 0,520030563301551 -0,797944558624788 -0,288810748427007 0,979958573371072 0,804651641920284 0,275391309161064 0,829744117385119 -0,169230638052136 0,913421150837022 0,865559868315587 0,608792711550706 -0,316961836973905 0,329625664251677 0,781790286464806 0,277141609179316 0,0173824232197372 -0,242557877206389 0,566303974298982 0,809434475023848 0,878814737150079 0,816067391401172 -0,688588978063894 0,454141057986842 0,940525257139618 0,00980417231103823 0,85468083965348 0,118032932449818 -0,202313417323195 0,124578696135454 -0,143309614758181 0,958376445490344 -0,827326631453203 -0,711908726726027 0,0307476064222457 0,7531524184229 0,468214696891918 -0,825837959073662 0,290603650504573 0,6386128922632 -0,19030369902336 0,508579139321121 0,551250487134682 0,441452885356097
-0,221924370230817 0,703591865806264 -0,0717751225561058 0,039794345433328 -0,154285212020271 -0,248906373535016 -0,0694650939062917 0,282134503864143 -0,0792197251270784 -0,647588183633232 0,241763198064089 0,691121940646801 -0,169129951469451 0,452272824481882 -0,0127830267596075 0,865347126811111 0,507030197706588 0,254620590908928 -0,201081082898051 -0,214000117257718 0,304379647998675 -0,244787377988572 0,447428353263547 -1,74245633116432 -0,945491362752709 -0,145710348001063 -0,145017000129085 0,340443863518236 -0,106574114739247 -0,740272848536139 0,0282935397848316 0,595882439614759 0,958323966747467 0,176156296409876 0,826262209162251 0,77762548230124 0,814601854411255 0,912775209275237 0,642674474394097 -0,622511407006149 -0,720677855157104 0,941949786919626 -0,2816250141288 0,00366108451478111 -0,62377889188349 0,410186753751447 -0,235196995992869 -1,14982101012912 -0,0617885338705711 -0,1247340099918 -2,79463800400647
0,576059296164165 0,977669608538109 0,49684879348346 0,456423220326859 0,536609638589702 0,708934779360986 0,782820143575969 0,861041768680217 0,500102716083791 0,0237735673562696 0,42552852491152 0,97233837734978 0,749531235536822 0,403105339849149 0,798200112560773 0,42039460134113 0,910325298921071 0,8557192213511 0,563001610496046 0,409590063295745 0,410938327923992 0,711741250139721 0,403237376606019 -0,14055973535995 0,176674816734823 0,532100872628626 0,758634246164967 0,872506311657048 0,771605342484994 -0,0213158783615713 0,459872541504868 0,936659693427011 0,423407791060722 0,840378762913152 0,411849590876496 0,416479212456077 0,41106104657264 0,423022319512135 0,953111483676885 0,0360108727584597 -0,0115220870531267 0,421637167994314 0,677430496756442 0,467802980528672 0,0353856602751731 0,40450883926671 0,585043837562096 0,0852196870525131 0,492591164692793 0,521443304368606 0,0239108784149229
-0,164278501090697 0,848757715669124 -0,0989304991089707 -0,0431231078511025 -0,136038561248254 -0,0659775907334573 0,173997724101844 0,52242966664135 -0,10239888346857 -0,182256812659202 -0,181192496383135 0,839251879784874 0,0526044036995577 0,208096443608158 0,237014237264345 0,424405485365007 0,700194179741841 0,498819148627635 -0,15592502831162 -0,576807099683748 0,113270823254918 -0,0589234741927847 0,204950673167267 -1,98191378917534 -1,21612092258567 -0,132299809425701 0,0837331301516357 0,570736330300234 0,130788461829713 -0,32775975664313 -0,0492214972739404 0,76716195428427 0,539659624435382 0,42813136068521 0,454611548838115 0,337805790622649 0,44687914624272 0,471900383215616 0,802481802577738 -0,142858812401853 -0,296104305159679 0,529942909534732 -0,131595829886591 -0,062017248218717 -0,144874365036077 0,18084131670982 -0,169236362640981 -1,40391087888581 -0,0942323498211631 -0,123050581530488 -3,09208515595796
-0,200200466250633 1,50191947252902 -0,397068128964896 -0,472150369158542 -0,308880771206908 0,287048898825549 0,522021030244618 0,849298882242229 -0,390470516027701 -0,446105531581175 -0,557582900396591 1,47340716821847 0,417164230357361 -0,543344362728262 0,57374214138018 -0,482329299939004 1,12924935105501 0,821052385365983 -0,238967724306747 -0,460950328770235 -0,540547296574786 0,296475427554067 -0,543518563269246 -0,0612042914314358 -0,156592814790258 -0,319812252299989 0,44543899897885 0,912345215629508 0,486058282122152 -0,467508342461982 -0,466184136855928 1,27841874610079 -0,449021407893936 0,744440869552057 -0,488499053421526 -0,511082290290632 -0,491390431530901 -0,465256717004865 1,36930477384399 -0,437309555592988 -0,464012792059425 -0,454723111604956 0,174735781165342 -0,452176459173121 -0,437799253176842 -0,544304332962727 -0,171791178536491 -0,0916409649566692 -0,405560156793771 -0,344621372064432 -1,30557290777245
0,5875139198137 0,960120135638926 0,47367449475519 0,405528650927633 0,532320659066534 0,748955937295596 0,795281723711447 0,845431937504567 0,478688141736079 -0,803418752825378 -0,297709116470951 0,954200932472074 0,776474264397987 0,239184063221231 0,803903194263955 -0,166863206668203 0,889183212049849 0,841312960576454 0,569368336582845 -0,335475488039758 0,289774296193755 0,751159227322489 0,240791920397055 -0,101498832403389 -0,294213200705196 0,525892611579077 0,781763196574247 0,854736575565075 0,78906074889735 -0,712636722912459 0,411925720575258 0,915801298851191 0,00186566947113631 0,83015010868546 0,0984373900730482 -0,200456184561652 0,104231054910285 -0,141264640234547 0,933223766582856 -0,827372179904737 -0,732125601399674 0,0207314016429599 0,719939406698641 0,426115804587507 -0,826165681063098 0,253210630204892 0,599984577281649 -0,257215107617533 0,46703578819751 0,510518906532378 0,281244379499675
-0,213481612379868 0,764769920188697 -0,0191348857616346 0,134849316842444 -0,128976453668926 -0,277784162105703 -0,0937771376125247 0,317814959969005 -0,0292904479256163 -0,287764966536011 0,494103189928162 0,752348571597111 -0,20183632916905 0,663140723583833 -0,029022417869066 1,14640329689579 0,563274118634946 0,286299013986037 -0,187958777441025 0,0457026840692492 0,482210408642703 -0,274317893457885 0,657323544825079 -1,59141317483792 -0,703248356739271 -0,117890136464707 -0,176580135537643 0,383413177968188 -0,135039826114385 -0,417721994088825 0,119002351747387 0,655761615004519 1,24706755580887 0,194596798650577 1,09806645747675 1,05089053658947 1,0848133053675 1,19813077002919 0,70357574411263 -0,252429582362115 -0,389595412299224 1,22870339338934 -0,301217251677044 0,0849557309736238 -0,254237330517134 0,612379815001084 -0,229569756061176 -0,921882823393184 -0,00545961508463597 -0,0904154217124484 -3,04987657142431
0,608772690706238 0,972743955955821 0,497313736253141 0,43069744155117 0,554682299756105 0,765350448188413 0,809288628165831 0,857939240662933 0,502214138878692 -0,802742372881185 -0,278087087130988 0,966770694361574 0,79141108606409 0,265616418734402 0,817541595238634 -0,151860754735793 0,901421828518446 0,85388535819392 0,59098360249361 -0,312869682578695 0,316503193284508 0,767440934421654 0,267245313191534 -0,0502339737232002 -0,262828717665009 0,548388333286597 0,796424822052835 0,867128271044574 0,803358594054724 -0,704382087037366 0,436956892929541 0,928106931125359 0,0202848159108999 0,842948069527711 0,120702509015202 -0,185125436108342 0,126726940361017 -0,126234058377348 0,94562895448738 -0,828999427043877 -0,725393727770237 0,0398656068383527 0,737674439615687 0,450834209495715 -0,827672234965127 0,279800737280598 0,620996837673124 -0,221669868139992 0,490825638647156 0,53334168861509 0,338566769323682
-0,122627848770904 0,781258450424861 0,026341652759296 0,142632879560157 -0,0573656384954148 -0,153351028964756 0,0173500768200047 0,386288740550759 0,018648859437238 -0,207003793761533 0,247572540208818 0,770274467844471 -0,0802470593291759 0,552961494477241 0,0750028812646648 0,915614708908574 0,604391883874177 0,357904942749317 -0,102866071312783 -0,216000333239073 0,409660087870996 -0,149762714260985 0,548312640851063 -1,80867685171541 -0,960426877863829 -0,0488574069717716 -0,0571164248137679 0,445155911832138 -0,0195767868940562 -0,349015114875875 0,13065801324048 0,685386505420967 1,02820837526492 0,275192599525319 0,906023609721761 0,818673825545977 0,895140968386814 0,968292772447325 0,727314668445341 -0,168368176120039 -0,318166847594503 1,01336423048982 -0,180595268451756 0,104954538095557 -0,170347473186093 0,51248323179887 -0,135063807252412 -1,17060361150515 0,0366904197555363 -0,0278354850987989 -3,09966782766908
0,619373590928401 0,989809613464581 0,503920120203984 0,432624105582305 0,56385642774715 0,7757880210867 0,818444460634696 0,86819189900024 0,509087197477481 -0,776920941573461 -0,34702425049986 0,983435874203823 0,801021196307436 0,243248150170962 0,826645333877719 -0,235405280082691 0,913964197411517 0,863958009507028 0,60121163841914 -0,365762734506478 0,303854679704723 0,777822301236547 0,245212456162946 0,0892314808142603 -0,246912998000571 0,557337018745216 0,805874797909453 0,877815583357166 0,812622829972835 -0,656694880991856 0,439417682211788 0,94226490950494 -0,0496348294428901 0,852582616809991 0,0676078385631168 -0,26817087332965 0,0748111262386503 -0,209254638254582 0,960903078025265 -0,809219152382202 -0,682394380485255 -0,0272242301907591 0,748651990659354 0,454402789947652 -0,807581247747581 0,260307107478028 0,631803602847641 -0,175117023769243 0,497064227001858 0,541697298496006 0,584912456984692
0,625447698934344 0,985119594088103 0,514204180533444 0,447067262666112 0,571600173280011 0,778923697777953 0,821036966496484 0,868901299656469 0,51911942255768 -0,798913077193379 -0,28618294597678 0,979030317085051 0,803870237323873 0,275772181909522 0,829032321621669 -0,165868939962841 0,912646115136439 0,864855993026343 0,607768016550428 -0,315110891497306 0,329557241779676 0,78093028027404 0,277506819082912 0,0105746720585749 -0,243759297835494 0,565317737688589 0,808669592588468 0,878096839816907 0,815323570477002 -0,690617424404787 0,453406444875081 0,939692621902599 0,0124842751751879 0,853983371883191 0,119883425701183 -0,198977235561627 0,126371685155522 -0,139973611228715 0,957501931444631 -0,828002830955479 -0,713710106709501 0,0332870311868751 0,752218114886841 0,46743440406229 -0,82652917673458 0,290850620187636 0,637578033883544 -0,192869462403436 0,507692330431375 0,550284759653693 0,429637516997293
0,241095119093246 0,872212178915625 0,253068021013371 0,277634598239175 0,242937061125772 0,340151433547877 0,480262104533662 0,661928467434351 0,251859686613023 -0,773980671743534 0,0929438829929408 0,864479691351074 0,410457770605213 0,428555831240146 0,515247910615028 0,539723298609063 0,763518181607163 0,64987468260642 0,240807974068441 -0,239235437913228 0,369230195744719 0,344445017018167 0,426589666550731 -1,24970131718161 -0,713757367451539 0,243642563156603 0,428572330184044 0,687313791548722 0,45570508335928 -0,822724728565467 0,274577696083715 0,809362892666398 0,624843598392047 0,614423562136252 0,579366381506526 0,483648561400091 0,574820187702249 0,57012566348676 0,835594996322712 -0,759353188077646 -0,81266633568823 0,620668492914721 0,29775507223544 0,268412642567071 -0,760120257846511 0,411503718340543 0,241895764234983 -0,848413281819432 0,254777439383983 0,245722250882611 -1,92286841601114
0,327807498226695 0,963032343863798 0,325631738899845 0,345838187070676 0,321681395326044 0,462126560004518 0,609460754974217 0,791002967028297 0,324855339718087 -0,0862765070476387 0,566522903226176 0,956648102130176 0,538637227324824 0,489935759294565 0,644703762304625 0,740550527370308 0,875726527768488 0,779865107256325 0,324684367379032 0,412511640696946 0,432258709485349 0,467040575267644 0,487993590340593 -0,83089047765204 -0,100753906780203 0,321589934056016 0,557279096480622 0,813523199428642 0,584774286621003 -0,214197491129239 0,34309623125641 0,912020052887766 0,73021513870228 0,745563338514986 0,653890100783176 0,71623329825116 0,648072156875627 0,751839144895087 0,933074577053677 -0,0508650534148672 -0,186863436203101 0,718657368009129 0,411674161001852 0,337683503969088 -0,0526819139977918 0,473172944056065 0,330677760655398 -0,281395291072521 0,326796142723337 0,321881030371397 -1,79134757167517
-0,0562379537417945 0,841442032612475 0,115027435369508 0,264819750272316 0,0148093684177156 -0,0734122594911489 0,127421713358847 0,471527773138422 0,10545674598338 -0,246060600744874 0,859300257526743 0,830043205667233 0,0168142264547479 0,782053174958318 0,188502943519501 1,32072689606787 0,664658475059825 0,447617209437171 -0,0354159988876944 0,498180474776869 0,608092044486478 -0,0687962983900456 0,776512663633648 -1,00626395083004 -0,138813830150552 0,0245553430380707 0,0439064849236214 0,521473044951804 0,086675707486052 -0,381153560536676 0,249133726511256 0,743608962102203 1,3484840774485 0,377182040988084 1,19627176782094 1,26128977834024 1,18335310115152 1,35127335209769 0,78590414771072 -0,208674257233625 -0,352433709148711 1,32813554573135 -0,109241726987492 0,215574811380173 -0,210589837569854 0,733603459680854 -0,0690444887118096 -0,342333681714354 0,12799558850818 0,0490941906050918 -2,50140364285151
0,564165732884973 0,94887831594905 0,447220337261214 0,376974826999872 0,50755826228706 0,731902825173264 0,781502965549932 0,833768170888199 0,452386024732546 -0,805455278185145 -0,325264149822009 0,942991583989606 0,761413854737086 0,208053084402184 0,790634134597541 -0,18879003969946 0,878042355599859 0,829550975680144 0,545567898565059 -0,366140355635331 0,258689471943703 0,734259172921746 0,209649856771739 -0,161083889969991 -0,334112833533095 0,50095521005547 0,767081532578116 0,843255139178748 0,774880447741087 -0,722191758115719 0,383565335272788 0,904708411473533 -0,0224573805021588 0,818059087041747 0,0707162846196614 -0,223002809613171 0,0763075597305889 -0,163016387363186 0,922100219531587 -0,827116031900643 -0,740170627366893 -0,00422067754590536 0,701089282231178 0,398190911306777 -0,826029759046301 0,222010638870485 0,576946878971573 -0,301270549991542 0,440378803899012 0,485151998460117 0,213079921179166
-0,216877324349488 0,764202809965713 -0,0214276978824143 0,133356826837782 -0,131867412729497 -0,281934591614365 -0,0969787507468661 0,31615910432818 -0,0316373931824932 -0,286162377774577 0,497383155119879 0,751758833826318 -0,205565836404812 0,663967731967714 -0,0319378630151035 1,14943443333372 0,562277413398152 0,284546867182728 -0,191194067329535 0,0495219806454968 0,482315736721744 -0,278449471149949 0,658128185808841 -1,58722588402838 -0,698945063371195 -0,120718958406352 -0,180178884600176 0,381948110487949 -0,13843409362016 -0,416398494527205 0,117429510285264 0,654977057148023 1,25000313554472 0,192545079016369 1,10046613928259 1,05386661513408 1,08716696829779 1,20120008633879 0,702891569342513 -0,250732980508817 -0,388224583188862 1,23156627820345 -0,305454045318847 0,0832084968703224 -0,252545645101973 0,613009967932984 -0,233072402121133 -0,917546469658486 -0,00767979209439182 -0,0930924628185497 -3,04672154862928
0,584872816795237 0,977597194606439 0,546471284866769 0,542215847327624 0,562906961307682 0,679460314625783 0,761322431852829 0,853613574541257 0,547476903526782 -0,218821857484908 0,8738577034368 0,972085224704584 0,722301391192829 0,617695575834805 0,779823014425306 0,866861795859282 0,907259771478208 0,847603585358107 0,577239466406314 0,780450201999076 0,582332512611123 0,682179768103744 0,616447766543696 -0,479808909244185 0,267056147347059 0,56066824918338 0,73274093660119 0,866391537821693 0,747951559970813 -0,322184846213871 0,541802365678347 0,93499030779671 0,804893048760955 0,829994201263104 0,737066860215894 0,873013870522495 0,732339397574198 0,861303438408776 0,95214600455856 -0,190412321584859 -0,299859835424989 0,793480571910535 0,651755879199273 0,541518284293512 -0,191870004310546 0,607051981124554 0,590251899588862 0,0586749626894061 0,545272385889766 0,555700358539939 -1,0472054092348
0,528858617953068 0,97598571270105 0,508387246130421 0,520474318325094 0,514192117897228 0,62842334566516 0,732522408114511 0,843212421899999 0,508364531402623 -0,224193028796621 0,976051996146115 0,970293646652242 0,683206484645861 0,652379971986478 0,755477790414447 0,983464519178733 0,902297885729339 0,836344656722193 0,523334123596866 0,864932025892053 0,598291273458241 0,631882626182674 0,650539022291732 -0,480949227325232 0,335049077239219 0,512972692031732 0,696500120657577 0,857633552800897 0,715747163696623 -0,343363569340353 0,518333865444244 0,931677756018659 0,905538455147267 0,815910861728459 0,817124912365804 0,989797747220343 0,810876072575247 0,977047569269623 0,949612709305004 -0,191034498769999 -0,317860761145648 0,890794537603735 0,593982291474816 0,514363885781782 -0,19273940116084 0,636544328302042 0,532963922039401 0,116553912860419 0,508585563998907 0,510586050961192 -1,28092898179637
-0,0634599274392829 0,749632836626849 0,0316247612565172 0,109488389646402 -0,0226423701592591 -0,0333818902752305 0,118008591625613 0,403609218219047 0,0265947324117987 -0,708764527240287 0,0838309759250713 0,739119967651116 0,0373723518460876 0,424348560781711 0,163020012546902 0,698952794829993 0,587167482726176 0,380890068061403 -0,0514285926781492 -0,335576671422918 0,308182296161024 -0,0293775496350267 0,420513123813176 -1,66173947103466 -0,977760526600801 -0,0171770352808144 0,0572686957960054 0,451545362942681 0,0883810757567213 -0,785487957789891 0,101264236685787 0,659841418776899 0,816702940866989 0,316010907625213 0,719886293712595 0,60978370841131 0,710872092590899 0,74783463504955 0,6985746312623 -0,686730912757646 -0,769553217919055 0,805908862760247 -0,0696438893323331 0,0837949589070075 -0,68786721827771 0,391082080912696 -0,0707280479384244 -1,15396835869029 0,0384079496541526 -0,00361552847282403 -2,52363415160823
0,592213092212496 0,962630636752461 0,478996595018173 0,411280752280727 0,537301869073456 0,752475115842741 0,798221065508895 0,847992202581286 0,483979456879904 -0,803140954262318 -0,292057126129878 0,956703320599051 0,779639522266 0,24554976999371 0,806752164766945 -0,16223636625858 0,891654030254876 0,84389089800424 0,574157302184844 -0,329277945357055 0,296087980579981 0,754650987677678 0,247158381975566 -0,0904212627847854 -0,286546716126397 0,530908929459685 0,784861723295801 0,857264300152962 0,792070959280847 -0,7108852107771 0,417637688803464 0,918269945545517 0,0070080502736308 0,832787505877469 0,104229315328839 -0,195727424208371 0,110060476869541 -0,136659417477888 0,935703285569582 -0,827548591647928 -0,730667683304871 0,0259965174847086 0,723784012930803 0,431737899808135 -0,826318225756048 0,259577530302425 0,60462241701522 -0,248858908515893 0,472399011927242 0,515621535724687 0,292963045534328
0,628123579536923 0,987888870822998 0,516329203331674 0,448479816424036 0,574096543311023 0,781223683294816 0,822949934942796 0,870812080373158 0,521284044012445 -0,795242596005059 -0,296074663742989 0,981744928487295 0,805930989980811 0,273324717409449 0,830903129013117 -0,178233835947494 0,914817579832649 0,866750167809203 0,610402187862532 -0,322370695621762 0,328668192174363 0,78321310328534 0,275113300512478 0,0330281145314225 -0,240454504191889 0,567782809435996 0,810683542676766 0,880051348493547 0,817278611181764 -0,683494366689004 0,454901527005527 0,942071330548387 0,00232106096025039 0,855843033403289 0,112461676668313 -0,211247372320591 0,11914168735738 -0,152261239150603 0,960028613041308 -0,82527917827527 -0,707329774541218 0,023585330021908 0,754702663057383 0,469099849584823 -0,823756925052526 0,288865149805629 0,640273029289985 -0,184862208288866 0,509762490842154 0,552665847497915 0,469700448357088
0,598259068828231 0,966083520060417 0,485786133534179 0,418571123694441 0,543687296888099 0,75708717292936 0,802136497019993 0,851458883916415 0,490732738520009 -0,802916557004655 -0,285559132217163 0,960143297257848 0,783826149937834 0,253454841705748 0,810559424636737 -0,157023217056553 0,89502636237679 0,847377911488905 0,580311928804615 -0,32203086572254 0,303985545114867 0,759230052589896 0,255066384706637 -0,0762378152744539 -0,277217621564695 0,537336257960906 0,788968194496831 0,860694125318106 0,79607139353118 -0,708644072465056 0,42488186107317 0,921650602563152 0,0130423732479249 0,836343791395381 0,111214513321786 -0,190407281497319 0,117101367318283 -0,131453291775049 0,939105134919032 -0,827943270500464 -0,728829225925049 0,0322097318902269 0,728788682634657 0,43887812987197 -0,826680403506448 0,267501083516765 0,610593881162155 -0,238538880527825 0,47923691065236 0,522151584042893 0,308176090336877
0,577641829029862 0,976910022471438 0,508226383099158 0,475680680738093 0,542684910607187 0,696963192726649 0,773694399218093 0,857406310641254 0,510983354809564 -0,0640982822509001 0,534178699662061 0,971511607193976 0,738271964079183 0,450285840819293 0,790264591209496 0,522809052481955 0,908422885076691 0,851809254975256 0,566062548939756 0,494176955632568 0,448731297294988 0,699723927781563 0,450116844784177 -0,321421644847304 0,144353425723531 0,538713752672905 0,747863799208001 0,869395438236845 0,761667422854072 -0,126923447541764 0,478292981354998 0,935297966177102 0,508583077235028 0,835565345215774 0,483758628537497 0,522241108986653 0,482063042813956 0,522961012595601 0,952017494755658 -0,0471038321127525 -0,11321571439154 0,504489034503794 0,667068875010773 0,484441821510849 -0,0479726483944835 0,449064400274023 0,585588482889881 0,00717264373052273 0,504642355233116 0,529376336298655 -0,357711942624049
-0,240937447163534 0,7724511945428 -0,108901013347447 0,00563732946087641 -0,187116331564028 -0,159302068701318 0,0272447645581258 0,341867596121344 -0,116286671490043 -0,437200376162713 0,125795285200127 0,757895055974953 -0,0660547625895618 0,440532767424062 0,0776597911629729 0,845119552874694 0,557877187479083 0,316790323468795 -0,225908555986064 -0,30793877605015 0,284892896935148 -0,153452574799741 0,435449923696939 -2,04855212688335 -1,07579407718724 -0,179456969049629 -0,0423596940213555 0,39570503692525 -0,00635200907129971 -0,624480814839352 -0,00638245465035644 0,651217577542402 0,97293602025673 0,245970806598521 0,833092886904225 0,737077678608982 0,820733933546211 0,904030951069418 0,702685509566432 -0,386840511532006 -0,584645062536019 0,955918637489592 -0,217381955902565 -0,0320139456246003 -0,389391137847154 0,396341583841769 -0,249433887036482 -1,31583827319682 -0,0989214914371476 -0,160177933179461 -3,62165148444114
0,444029035103561 0,963640883960342 0,334445319337938 0,263326084778313 0,392278301160404 0,61045473855619 0,695232418553609 0,799845722994484 0,339517128449919 -0,776414396604279 -0,643936066051379 0,956109406809519 0,655865178641108 0,075166525508116 0,71453807941194 -0,417239698757809 0,86912634021296 0,792362813823958 0,427229100942341 -0,713858982159753 0,134486355781452 0,613601923033846 0,0770789873214958 -0,216917140284384 -0,585543410589126 0,386098052196074 0,666332278708392 0,815997374940962 0,681618300968198 -0,662969856756955 0,270164111078199 0,905976937783406 -0,212100429723208 0,770946381193731 -0,0955984991306047 -0,46196133178061 -0,0885518228263014 -0,384966555844923 0,929043000822259 -0,807113660219591 -0,687080454860916 -0,189471065853961 0,573796434725496 0,285218396046125 -0,805555055667361 0,0917931645808647 0,455514473431304 -0,503422479341403 0,327693784711681 0,371160992309907 0,236430151287927
-0,169446869743752 0,76818271507944 -0,0154249539061878 0,107003605962709 -0,102540506247165 -0,191697159711993 -0,0126338389621037 0,360381274104682 -0,023473547456084 -0,260993188973871 0,258482926736454 0,756794191176339 -0,113636743708189 0,543925508439301 0,0462681597120594 0,929662633324571 0,584305452304762 0,331643012389841 -0,14932334394162 -0,206664130959616 0,391076243056362 -0,187748270392404 0,538969089618971 -1,84177856053477 -0,96840010804631 -0,0937393012926191 -0,0895051749925146 0,420266391080837 -0,0506236257987207 -0,3962936033738 0,0943410717964159 0,668540324704326 1,04591458030792 0,248266535978719 0,918563599707671 0,831381558980843 0,907114470852596 0,983362609940994 0,712169691665587 -0,224396323767114 -0,366771275329338 1,03063951888829 -0,222846134946719 0,0671997094985755 -0,226269534194827 0,50076171775724 -0,182023070540434 -1,18531043663448 -0,00458612325691142 -0,0719354962071519 -3,21424475368237
0,621828059525755 0,982150817346986 0,510789401210974 0,444038643077218 0,56802059041216 0,775937009757114 0,81848972385593 0,866480971646846 0,515685259487947 -0,800917701592566 -0,2807252116475 0,976100634707759 0,801152635668765 0,275318085402044 0,826542468261645 -0,158526865716523 0,910086061557643 0,862440541925859 0,604149453495974 -0,31162464555936 0,328009284325142 0,777963497219016 0,277014098349348 -0,00758722266802438 -0,247794946958434 0,56174992187738 0,806004193606115 0,875659052190127 0,812725519312039 -0,695511788320963 0,450330270980789 0,93699694138629 0,0179611110851936 0,85157061828277 0,123165620327734 -0,191690738250881 0,129503975077277 -0,132708469591681 0,954704704613128 -0,829202197481324 -0,717989936805954 0,0383874291147377 0,749006630375706 0,464262072512757 -0,827769990154284 0,290067357709601 0,633964677969455 -0,200292082662825 0,504304883985955 0,546751183486208 0,399624391608458
-0,166058263907577 0,772063758411326 -0,00725831988509551 0,119728842311486 -0,0973016425139183 -0,19215179872648 -0,0143205016109553 0,359791171618203 -0,0155945905087862 -0,286739218426631 0,30454454639307 0,760484310017263 -0,115258741907583 0,571421075208402 0,0447975098323498 0,971667341994379 0,585396746725618 0,330974733693394 -0,145421917209279 -0,158365964708107 0,413911092322624 -0,188307895544604 0,56632266187694 -1,80022030372476 -0,920615361998659 -0,0882274509129622 -0,0912331501038039 0,419915281369043 -0,0523845370580319 -0,417995125885778 0,106588311028949 0,670812368004638 1,08567583557019 0,247431567066524 0,95554200248696 0,874276719846688 0,943831198183464 1,02480517956557 0,715127142601949 -0,251308037141575 -0,389327934489338 1,070064988942 -0,222126521004216 0,0784230564957285 -0,253120671459854 0,527000792352718 -0,17893759009692 -1,13897018389993 0,00397177539851345 -0,0657220007616415 -3,20232110321794
-0,0943898923391037 0,798585883491105 0,055068381968137 0,170815524853879 -0,0287275699504375 -0,134117948015583 0,0318441668547039 0,406993727572699 0,0473844636956448 -0,193440995088196 0,264189021039967 0,787733495505218 -0,0648508565939682 0,57596307185585 0,0899617704101739 0,930456133171465 0,62426700415281 0,378306382417464 -0,0744627586569086 -0,194519699294686 0,434657740299021 -0,130860175093266 0,571378569978716 -1,76290601213583 -0,926502012089558 -0,0201914783133429 -0,0422002014147609 0,466162442960813 -0,00504960903801477 -0,336491163516835 0,15893041405123 0,704060023304106 1,04462000048063 0,29419711936137 0,924148445727078 0,833040155789571 0,913415105819819 0,983485326842698 0,745356298883743 -0,154434409902405 -0,305472175030933 1,0300071096793 -0,15760424010644 0,13339486649356 -0,15643337688845 0,536046317234197 -0,106965006504548 -1,13325289518834 0,0653997737024924 0,000880622314290449 -3,02445956940483
-0,165985452952386 0,772179318189132 -0,00677166610036191 0,120578840024569 -0,0970599807611063 -0,192523256101647 -0,0148257124625244 0,359479488716756 -0,0151314393698029 -0,288240736598682 0,308031500185176 0,760584962939676 -0,115753646250823 0,573391245525613 0,0443151576242239 0,974839123772832 0,585280469682018 0,330645721467184 -0,145300039640787 -0,154705258704831 0,415531909755288 -0,188690550506945 0,568282159776684 -1,79683863831891 -0,916896315513366 -0,0879622167051167 -0,0917398635247504 0,41964416837035 -0,0528962291326365 -0,419247293163183 0,107400849910441 0,670798562944731 1,0886243287816 0,247056534452341 0,958246686996327 0,877520120477272 0,946514507944692 1,02792990766632 0,715169534888095 -0,252880817856538 -0,390633941529914 1,07298082196363 -0,222368091613095 0,0791549162331095 -0,254689738208163 0,528876640595836 -0,178895241204591 -1,13532177045647 0,00449025545929752 -0,0653970530502634 -3,20071066540384
-0,160182769975514 0,764588177896452 -0,0107304727995986 0,106305493642152 -0,0947784478359901 -0,185922586991357 -0,0106510418840534 0,362100225470946 -0,0184599746924279 -0,217062453178812 0,21602817023266 0,753464906531511 -0,109960286899351 0,52250007948092 0,0476045064170648 0,889401367822029 0,584562294344866 0,333266356392985 -0,140400471189028 -0,249644322984889 0,376635195006189 -0,182119723816266 0,517761006687827 -1,85621262714682 -1,00114257168357 -0,086241258286304 -0,0863002736794371 0,422019821486415 -0,0480872205557173 -0,358233020941646 0,0942350333415346 0,667193612573944 1,00629110738174 0,249481531686067 0,882639272188746 0,79079809452058 0,871569689066757 0,943267378493421 0,709864673122085 -0,178716956136924 -0,327528717367779 0,991392074608027 -0,215467970338002 0,0683420315090038 -0,180680938141169 0,48125078643641 -0,172610703238963 -1,21333496098688 -0,000330291393796517 -0,0651421475832267 -3,16542003972918
0,160059202254529 0,96932181564946 -0,0503067931278346 -0,174695676171961 0,0573199147643771 0,479881785209576 0,556240023433878 0,672079999092201 -0,0411297215732399 -0,721744383162005 -1,21122223254189 0,95626584010849 0,528285511732214 -0,457428463703426 0,569928173561348 -0,956637289806276 0,798687727140935 0,659819278186595 0,126013010873123 -1,21417559200106 -0,378131128536955 0,484105428000163 -0,455043301463879 -0,497618024408178 -0,85155938084503 0,0454785153051743 0,53634622424597 0,700043447240396 0,547069003591767 -0,698082256407604 -0,163062849198707 0,866975749351507 -0,739820803278479 0,627951569479558 -0,635500768621601 -1,01353895621335 -0,629063877758876 -0,917274207515537 0,908595522263668 -0,726054700885673 -0,703908048402052 -0,719411262707827 0,421746164116148 -0,1372126245468 -0,7258639795369 -0,436311584409484 0,183663898439908 -0,734243736770752 -0,0624542981613486 0,0172167807889884 -0,678754179774226
0,57687653934947 0,977987069628963 0,495729755638812 0,453806046132821 0,536510407812039 0,712794982494534 0,785692409669474 0,862268339532208 0,49907820919723 0,0521001191295704 0,405501530711027 0,972677376569951 0,75306729694431 0,395039358622799 0,800715286610502 0,401095751160577 0,911010152176554 0,857029571069414 0,56350872174974 0,396024248851935 0,404736809486318 0,715603819562551 0,395231850914177 -0,0771679737532368 0,198196523840639 0,53189636265316 0,762012659164381 0,873571451253641 0,774724663110616 0,0116320422750891 0,457414937324818 0,93717086722627 0,407390451625011 0,841962308421046 0,39865461495774 0,396666168723758 0,398059007531566 0,404131260254785 0,953536394122548 0,0631213791062341 0,0203892422722517 0,40611028862589 0,680974419078112 0,465684517189817 0,0625582952457304 0,39696844488706 0,586084396062631 0,120043698635388 0,491344108017155 0,520982749975573 0,142226043400433
0,630033389838582 0,885593226552279 0,880322420091677 0,994892600455065 0,827951557160779 0,348049399128595 0,414105249649467 0,452708455419795 0,929682583029426 -1,30142459545029 -0,00573704187058591 0,875199453697835 0,386258365731732 0,43928210260678 0,424714296994366 0,210108165065436 0,446813892187854 0,451408368039607 0,733216550420088 -0,12127055461145 0,476078422764872 0,350574540027861 0,439313760477417 -0,685382071713201 -0,439042876938435 0,843003489930396 0,394466394767136 0,454533384381544 0,405431686560552 -1,13963996409481 0,992566976255286 0,407443141965546 0,329292257866022 0,446353312921765 0,378708917398516 0,167003407577001 0,381698844953048 0,235605771775718 0,438722848025903 -1,34783211838996 -2,01078204940279
0,102712396412908 1,36952095317279 0,543605201757366 1,52852900027707 0,482314510398774 0,335742978363507 0,409045381373198 0,484752385000247 0,528501457037379 -1,1977277413464 -0,812874352376317 1,33881279143308 0,378253229100246 0,0575620973051082 0,423022791581259 -0,422716460246203 0,547235257192975 0,478975236111403 0,160260245810613 -1,07839519861639 0,0341729461600468 0,339042091725738 0,0622543314383316 -1,15245328413789 -1,05694790651469 0,491269245864123 0,386851054617334 0,497711857829384 0,398830999658839 -1,21209074832188 1,45445843135175 0,566341628053133 -0,211352375610087 0,463055412428128 -0,127678698593581 -0,500018036335042 -0,122620285628059 -0,375507772474431 0,456809665842422 -1,19423645852509 -1,10034001667133
0,636925130374625 0,949594307564178 0,886514218883152 0,855855528102234 0,683711363571975 0,794579975058814 0,875307661244004 0,946193217579529 0,876319035981822 -0,252010327859082 -0,244518701893906 0,944539762296526 0,841228644051458 0,319223861194955 0,889858791489866 -0,0576195806057272 0,976486376914443 0,941571210227491 0,607842489173597 -0,260711019526582 0,400114462830299 0,797897050956797 0,321537483089999 0,238674831511268 0,307782960218819 0,710006608069631 0,850961777779175 0,955808142373564 0,864275783119353 -0,093517443379788 0,865953274508992 0,904088436058521 0,0943401709167321 0,927996277860554 0,171338773571942 -0,0974378263800263 0,176222490245513 -0,0303126317387756 0,944484339715986 -0,300438807912393 -0,813894576139067
0,557666344066923 0,962402160451243 0,881409951300657 0,936746795511731 0,633147912870137 0,50786563175893 0,555341208754117 0,604359657506025 0,850885859561224 -1,02767072966502 -0,323990867897766 0,957379343863976 0,535182496996932 0,329247097949564 0,56450902950516 -0,101694416170556 0,646806868111345 0,600662988430362 0,544198003397037 -0,375166822488414 0,477969759352332 0,509939407381939 0,332226721254588 -0,685317379614709 -0,611628199332331 0,661238926377741 0,540790238298464 0,612679033966844 0,548635774973895 -0,924215644633079 0,940535433287853 0,74870163328168 0,0692270578686489 0,590464010881061 0,156084365879646 -0,147028104965419 0,161615267040227 -0,0708634739115693 0,957409476395387 -1,05711824176673 -1,34869289187903
0,562836933643166 0,95033392342869 0,900660680190952 0,701349289877771 0,736545065633739 0,428317724305213 0,478862615967115 0,528216801811897 0,883050821111313 -1,16736420591203 -0,168383613265679 0,943794040854791 0,456974339384237 0,305469635399993 0,48860066957888 0,0505034435063216 0,564212672893891 0,52475622298345 0,612331958066798 -0,3299847327401 0,293413668130494 0,430368423052283 0,306811575267299 -0,825559953000512 -0,699331147987252 0,765098695378319 0,463090810547827 0,535814239595346 0,471629816122127 -1,07747081975533 0,723500804872007 0,617333446279022 0,162355194685391 0,514957191133301 0,213048152095221 0,0174223693094118 0,216213001577744 0,0725590884117464 0,870257034338017 -1,19266276325279 -1,48845096153591
0,434422189763004 1,05201979658419 0,78757852910802 0,377176445350181 0,580489618604696 0,434587480607674 0,460689242032092 0,504434949916651 0,599940607693238 -1,39356693049381 -0,405998650592768 1,03884134541059 0,448891352742147 0,0821481120391846 0,467324337925624 -0,263288342336319 0,570890613163939 0,500354244456253 0,554614669940838 -0,606743663532563 -0,0619178234642689 0,435949256690893 0,0880152546927271 -1,27295427277779 -1,21146273278563 0,581445454844797 0,451808848726577 0,514352342995067 0,456342328026877 -1,36048539269853 0,400916810824318 0,718720495047313 -0,161524264646132 0,48991067669691 -0,111984013789811 -0,301394186439742 -0,108498411903987 -0,23720077592306 1,01734293953723 -1,40521510535424 -1,4150817666287
0,460386762731635 1,03321436876362 -0,0400971120186943 0,366954449338366 0,464950929594551 0,523140612596815 0,578793257654867 0,639540653314076 0,0980590625807492 -0,721234668090275 -0,572449281315052 1,02413881096841 0,554127841091137 -0,846511456343097 0,590186941589598 -0,680028638096344 0,699743790114968 0,634931848967117 0,527673610304299 -0,513323198438307 -0,601086629352597 0,525445193906991 -0,844505626657957 -0,36351553080715 -0,242666996755378 0,45028004840434 0,560877040644646 0,650050694342408 0,570488993841603 -0,613046407735607 0,385870814859856 1,0884476170325 -0,708649572695496 0,622304643140004 -0,743146561870558 -0,691035930292251 -0,745924523744068 -0,672186687080962 0,807937641101315 -0,753843038084095 -0,932817792421659
0,329198534155899 1,33859300666521 0,774957279405013 0,420077134140014 0,695931743569501 0,437612298656328 0,464048846804003 0,515967446711569 0,666696773948643 -1,42029887490337 -0,36527648559284 1,3096228775856 0,451791583987842 0,113446045194697 0,471445749470095 -0,167735660533048 0,597848994437612 0,510924280781194 0,572530901791693 -0,747289057676173 -0,101791050233804 0,439050001548084 0,117988047218018 -1,40954040865157 -1,34546777806027 0,699589464000651 0,454691915536241 0,528275238122931 0,459376292369734 -1,43523520928158 0,444616261011825 0,787528536559473 -0,0621940457410354 0,498127949442888 -0,0211407589294432 -0,216674689986246 -0,0184689251746311 -0,136661546627775 1,19565927463146 -1,41784929305889 -1,30988113338303
0,635332843212624 0,949151861690456 0,881432691044185 0,845986619824565 0,682389027749619 0,792025388087311 0,87288653169082 0,943983367177422 0,871827835764853 -0,251599722774413 -0,245662319719139 0,944098286560731 0,838753357130851 0,313951890064176 0,887466060956357 -0,058555240597523 0,974581003573813 0,939339318077823 0,606579968601723 -0,263119872798176 0,392770139413789 0,795349456438075 0,316219862153005 0,234525390263427 0,302995111784039 0,708574003780508 0,848501022210551 0,953652056346863 0,861835810332783 -0,0948522538304437 0,856517906193376 0,902276700104229 0,092488894733081 0,925709486295198 0,168585524345122 -0,0982997019912112 0,173401514346102 -0,0313360806974311 0,944133686991241 -0,299504148574851 -0,808302672538846
0,454394250840855 0,89559177982918 0,481564102713921 0,55186198709818 0,462225368334156 0,407243348713875 0,457834180701401 0,495490643504793 0,496530352484427 -0,321289971152146 -0,0570076936762898 0,891540626582187 0,43545328252128 0,436425469515723 0,467191684119142 0,118427119987401 0,493931876318077 0,493975662478339 0,447382331903515 -0,030978733933761 0,481274612716376 0,409086862557661 0,43776033477043 0,769808703697411 0,883078443070592 0,46789126180885 0,441794426922489 0,497833669665623 0,450573132533116 0,0458783884499448 0,548434158249266 0,578576633140436 0,26644443650344 0,488427612820975 0,332854407002736 0,0782241785657731 0,336794967130836 0,145911145139056 0,878726412249823 -0,424642279713155 -1,36779086221195
0,107709113031747 0,974759270257234 0,0968217585850716 0,63120183697456 0,455148996043452 0,616464655799306 0,640818706435898 0,706068635566651 0,470682925152012 -1,12449991904613 -0,170379350834147 0,968327135814879 0,630139986568577 0,179669604280465 0,64875303466484 0,0403792197232126 0,814110672989337 0,699230593950985 0,457248661337043 -0,710295920732497 0,0546551734068827 0,618160460168195 0,173055309576514 -0,810321192683063 -0,704894909014909 0,466724750898301 0,632366845862379 0,722798305049003 0,636340208495267 -1,07311030712088 0,626538408751142 1,03233737004755 0,193809532793071 0,682077437385223 0,253290691439718 -0,00458632056814633 0,256217606530335 0,0699510790367512 0,845336756693611 -1,13734278328242 -1,3848919553112
0,11954979379581 1,33311910279636 0,565072967191895 1,53877555405891 0,485420784783753 0,332474883648509 0,403718336792788 0,4777944444021 0,544238367887294 -1,2119993714599 -0,804063011202451 1,30417014669829 0,373736956652359 0,0782967598975635 0,417367377010333 -0,408060498041435 0,539604157350566 0,472130092564572 0,18583470836904 -1,0539819286228 0,0774227313550112 0,335680641655431 0,0830401757268135 -1,15123111377942 -1,0507774962283 0,495523560077438 0,38209490253333 0,490514849690571 0,393758177075535 -1,22105124074784 1,4668654805353 0,564805921677334 -0,194624620298392 0,456533485742689 -0,109950272213445 -0,485737499600956 -0,104821049092866 -0,360326677844187 0,376422555369867 -1,20996399809583 -1,1262057317135
0,556267354526374 1,02159058488604 0,663111933076376 0,359614662773992 0,503511568554809 0,510500079177549 0,516403917202559 0,546533845462205 0,390358120454774 -1,27782874834755 -0,500555097062719 1,01121799663233 0,511090761851033 -0,213182689222659 0,520624970446565 -0,476579290883752 0,602991206727849 0,543609831276924 0,536295290838925 -0,437585292089674 -0,03260528048457 0,510705730357657 -0,204222894748296 -0,967408067018719 -0,865002009268665 0,498991475196511 0,511937280885273 0,553799924027067 0,513958040305182 -1,16661246158148 0,381701526024119 0,90334658827913 -0,423258261604152 0,536228425558129 -0,400167233233337 -0,501638218135097 -0,398416337624721 -0,456924133179332 0,864166963613503 -1,31239803646616 -1,48495721151798
0,451266918812417 0,980404848505227 0,746500147462232 0,986720910112916 0,560900591184131 0,718922320747529 0,774522075947452 0,83726869773646 0,769187630303914 -1,03553053745878 -0,308565867408621 0,974563114157558 0,75168590020272 0,43771456426743 0,785397450133811 -0,0900549941486631 0,899695673016324 0,832176644946217 0,505833643408933 -0,486482183231805 0,555386751237312 0,721613346146362 0,440649672332052 -0,731040252746287 -0,615137351358588 0,585081477544574 0,757973641195261 0,848945057955543 0,766814139508558 -0,965787078161909 0,975464170953947 0,958393566574682 0,112142729564576 0,818423973978992 0,224800647932762 -0,139241463905138 0,232094178470198 -0,0556830186050341 0,929946590829419 -1,05416610002764 -1,28845515584977
0,652942230571546 1,04406704433463 0,384989661946162 0,355738227776665 0,508574622978118 0,54048842327505 0,537991103777613 0,559809713188859 0,25954763288368 -1,18920284513826 -0,526945047146349 1,03334774900168 0,535098855301139 -0,498508461133067 0,541116437022715 -0,57025071139743 0,604764679403826 0,557765781614034 0,628260527159567 -0,312903477208312 -0,157015534360436 0,540086416646257 -0,491419560143562 -0,769241030484739 -0,632702210610234 0,498519274661432 0,535199683589249 0,564927234647185 0,536300191875272 -1,04048636586117 0,376231343449792 1,13822768749083 -0,557537860344383 0,55256809683816 -0,563409514945631 -0,586837047461659 -0,563900223466759 -0,5554885978519 0,828675706634827 -1,23354883287108 -1,46476252898698
0,273633840256487 0,983022947889551 0,335188269167867 0,660232156048111 0,460780623093648 0,729381057010331 0,782332315693526 0,853893237294973 0,49128875012624 -1,07242199647823 -0,206803240080998 0,976335531697044 0,761020652128252 0,277711313538557 0,793425394735835 -0,00870489880572309 0,942662702596103 0,847475324673665 0,435516704148245 -0,553107729522541 0,292813257434475 0,732242576590413 0,276132514822935 -0,728087861492034 -0,613979330870144 0,47263954501698 0,766696314013359 0,869040091184882 0,774878790070035 -1,00624681487028 0,656077388977004 1,04720683538759 0,162544395713362 0,830672385768479 0,236374567581528 -0,0558743643557342 0,240396741338548 0,0228475077338308 0,897015602759908 -1,08886120707824 -1,34739807623982
0,246888000611053 1,482908160808 0,729462599951328 0,516103497561438 0,757407167978142 0,409317646735362 0,442515287674508 0,500034283535987 0,678914083198836 -1,39107115447414 -0,365423945619924 1,45038414860491 0,427525649943243 0,094020530379127 0,451052506825455 -0,142697685724258 0,582877142380341 0,494636035618627 0,55479437802058 -0,825659986462458 -0,0973902226209438 0,41104746852459 0,0979442677382456 -1,37575269221523 -1,27963850670028 0,761904717377933 0,431223244902318 0,51304049064293 0,436973693913129 -1,41561362846625 0,538986028856359 0,748048813153033 -0,0399993550460372 0,480766073125388 -0,00446431598276345 -0,194976194255554 -0,00230693282997546 -0,111294685726669 1,33342368574112 -1,38501207117801 -1,25305900586097
0,342656344548671 1,32388457599513 0,784285786043282 0,407290610407734 0,687217633540597 0,439556224672008 0,464542651452792 0,515329360832797 0,664906715998207 -1,41900798011328 -0,367797308292177 1,29545353129516 0,452876000908439 0,116535053976995 0,47169585947084 -0,174997758786761 0,597143411112263 0,510351150247762 0,5755581986552 -0,734571637428251 -0,100812326242219 0,440932308176356 0,121266807920154 -1,40936134835884 -1,3514232574377 0,690675414256361 0,455604062262537 0,527515233882165 0,460057684889202 -1,43164785879693 0,432066509828672 0,791925859896942 -0,0685142092703351 0,49775910945179 -0,0261127497449176 -0,223493184024792 -0,0233243557994985 -0,143940800046373 1,18304626424145 -1,41742613737628 -1,31562227490307
0,35089524366994 0,429849801726336 0,959189742330328 1,72542900516158 0,256641738471971 0,260378710569501 0,309221769796145 0,357422829653756 0,739900673018389 -1,39481698644341 -0,443993761102732 0,434477166124179 0,288313686350553 0,439968792132682 0,318606842564779 -0,264355566007713 0,391411827509165 0,354024268084284 0,320185345781658 -0,416447312329825 0,724917794362696 0,26241532085607 0,44898131819178 -0,87279150575098 -0,65320560062234 0,289560476881733 0,294155335845133 0,36485867522427 0,302300324103386 -1,25929067624071 1,72241476838632 0,301510602329345 -0,0434248756070288 0,344387377430406 0,0704801247243184 -0,304853153613838 0,0783416278862015 -0,219731082628228 -0,578715104913215 -1,43329019609827 -1,91234682313384
0,175855076003917 0,946067889830563 0,115500536579657 0,626149411539915 0,470619287795416 0,586078736983457 0,594119910571933 0,647123585408233 0,502780132679329 -1,16711647592315 -0,140616395329835 0,941354164042298 0,589870563173401 0,224292132649776 0,599482034891502 0,100482046952908 0,7502280725182 0,641080271833299 0,512566204367515 -0,620514944586596 0,0449296993370131 0,587043248054828 0,216733172542788 -0,795754684544425 -0,670318917892208 0,482763098523793 0,59018885745133 0,662192636592332 0,591649391636603 -1,09670409451837 0,622028673197288 1,01270641260095 0,251174740441058 0,626251023273032 0,310080179647164 0,0588776111726869 0,312995737992086 0,129092004335227 0,782225000632527 -1,185042656064 -1,46485021511055
0,484471379966419 0,976221623856144 0,827817764458711 1,00264288789083 0,602676594124108 0,631800650476751 0,689708177160417 0,750524871528978 0,841410819245573 -0,991267080534305 -0,286816043329717 0,970405399689098 0,665538402312861 0,416907720099239 0,700814383354013 -0,0584263200232472 0,803259117514625 0,745849148376648 0,531553960538676 -0,457947798065722 0,510906280017071 0,634427671526007 0,419301434763543 -0,694096502850015 -0,581514266227957 0,629983318738638 0,67226693707731 0,761056613957589 0,681656399539513 -0,922299436284949 0,996576712723314 0,841402760304837 0,131704404364802 0,732993114342494 0,232943778672205 -0,106890867788815 0,239420016736553 -0,0250995308177088 0,911253286512621 -1,00992881456909 -1,23743369564619
0,436508532525583 1,05944629045447 0,791482153019583 0,377216753466069 0,578510681812436 0,434622682792113 0,460277752374406 0,503798015081147 0,598820272164974 -1,39346523919996 -0,409271797198098 1,04584455921056 0,448666211597856 0,0820068251110012 0,46684547134524 -0,267769169201952 0,570565383477201 0,499720897303008 0,554140565712432 -0,6058081652649 -0,0621022740869465 0,435968570871738 0,0880018594838632 -1,272033446069 -1,21078418635056 0,579379901237272 0,451527421094627 0,513720278244306 0,455987410196599 -1,35942259906198 0,401008518849858 0,718770903686203 -0,165826533962539 0,489301574185912 -0,115875483038662 -0,305821811796566 -0,112350275311592 -0,241662401981411 1,01970160171484 -1,40547831530551 -1,41763689620614
0,452246326215753 0,980328087017696 0,74964440337988 0,988598956852077 0,562175395036771 0,716563595154892 0,772203786284154 0,83488677827349 0,771936037073757 -1,03292380647915 -0,308549260609592 0,974489980092319 0,749342469477924 0,435900385626053 0,783080732061046 -0,0898396911610727 0,897066516222612 0,829805402645568 0,506492885610149 -0,485815388607786 0,552682121308038 0,719252135501319 0,438813795248902 -0,728629671892009 -0,612695169842269 0,586494331258004 0,755639221015398 0,846534447286927 0,764490248437118 -0,963220870536726 0,977477390778612 0,955047836570887 0,111926087359025 0,816076778386522 0,224167005546261 -0,138989097573444 0,231429455343537 -0,0555091003173973 0,929653204731382 -1,05156045213937 -1,28550963669802
0,521401832217761 0,831001328203679 0,23819168865108 0,615323646914865 0,526503971667698 0,531445101012479 0,503345358306063 0,518812710147995 0,616463249281458 -1,33120774526713 -0,0277954693053309 0,834065678503842 0,513344251814931 0,357525872232059 0,502291022771223 0,259419310666087 0,590253853199554 0,515889362542648 0,715781391150062 -0,173004002686433 0,261276329846395 0,530638146048125 0,349070202067463 -0,760440831519347 -0,581472236549369 0,541452842070005 0,50959084068024 0,526794106646245 0,505527367677839 -1,18486998367761 0,613028822185766 0,977206162949288 0,405732818473646 0,50945636102689 0,461443145325849 0,22293453021955 0,464193937371793 0,288408920274844 0,543974091025302 -1,36948263159783 -1,77326457658529
0,395214231480583 0,875001412505592 0,193880835456491 0,621807714751213 0,503240559022163 0,552164601701705 0,535039691179181 0,563073992740712 0,570287291546288 -1,2677435552495 -0,0775352454343047 0,874939574223939 0,540797788682281 0,310112154512683 0,535970634007388 0,198692859775398 0,646804532023336 0,559026968132758 0,635936416753264 -0,335311307890201 0,15623131043692 0,551923859879702 0,301960453656525 -0,759301979781567 -0,58997549598835 0,517028294638571 0,538247764700791 0,573657762119735 0,535821358742504 -1,14754384722615 0,618661331965867 0,985152875663609 0,346699648045613 0,549636223819662 0,404442444884877 0,161881619140863 0,407318798582502 0,227074398401807 0,636676738937888 -1,29892209382712 -1,65846963949994
0,519714190019868 0,962822056298535 0,880501908330242 0,708720538958917 0,696341445563897 0,425454744353667 0,47803600867656 0,530346711979309 0,844803408633161 -1,1442855433342 -0,232602453120846 0,955996573740047 0,455420840143167 0,286929449272593 0,488156800844422 -0,00192852569294563 0,570968050213047 0,526571117493766 0,568449043541182 -0,40364130150714 0,285605073938663 0,427639439558757 0,28891786227088 -0,84353542159942 -0,747296826553723 0,723789765984415 0,461736560286159 0,538717816824837 0,470552786933024 -1,06309085168952 0,727261548939391 0,630022093431283 0,121299018705197 0,515992258028532 0,176757478791768 -0,0373522224752341 0,180216790315388 0,0221437291511193 0,913299727641764 -1,16738648893226 -1,43858201442472
0,635858190120547 0,992789893781843 0,338345913637102 0,353250232660771 0,482026220790605 0,536106180761081 0,537382775625083 0,56090906723491 0,233883922300073 -1,16008609425332 -0,536111551943357 0,98532207595226 0,533032951583335 -0,539790929632488 0,541019831335121 -0,589538413595578 0,603771116833382 0,558836291361001 0,620408525460066 -0,325079234882649 -0,20432957042134 0,535861402557813 -0,533325711254882 -0,717433318578594 -0,578522261171065 0,472383750792142 0,533583783403894 0,565997929740561 0,535257801926269 -1,0060809565837 0,373366163393636 1,12962872143349 -0,580938126337116 0,553453827625433 -0,589439940845835 -0,603235039930617 -0,590125639912032 -0,575406596273248 0,813363595111227 -1,20551041933289 -1,44703838155563
0,299126525951749 1,37510522596221 0,754681996836304 0,459080558005648 0,71602932835268 0,429945273192722 0,459576701651801 0,513802665523062 0,670093135446745 -1,41887319430453 -0,363059526259786 1,34507665812649 0,446024575529448 0,105856237543183 0,467493439868652 -0,155478935542914 0,595410810754971 0,508639143158394 0,565136314119426 -0,775215238073016 -0,098938530769059 0,431516128764118 0,11006069805775 -1,39874828199908 -1,31744502156134 0,720068523733214 0,449306613313476 0,526320537060536 0,454497599724062 -1,43680093691971 0,482821986735663 0,772440491080217 -0,0516546428229921 0,495446843782145 -0,0130687417899667 -0,205304739849217 -0,0106173417507582 -0,124446671987626 1,23082543469828 -1,41508290864543 -1,29850254233035
0,485404345870219 1,00807825604159 0,0113515677205792 0,359655887310875 0,442037612658387 0,504994404677239 0,553934743750454 0,608993429397715 0,0994692931949914 -0,792097122983868 -0,574405450770489 1,0005706409154 0,531580580804232 -0,828498208096896 0,564366609091477 -0,694685255438971 0,663622032333131 0,604879463911122 0,538530280250846 -0,476620772672077 -0,542585161080957 0,506917639238719 -0,825427594872838 -0,4005385924544 -0,272380314621262 0,429129847224991 0,537631282995711 0,618354086271959 0,546348968223358 -0,670349021135037 0,37836259531814 1,09362867882318 -0,718370283629195 0,593554685517117 -0,751337254855022 -0,70597270772141 -0,753954411996178 -0,684205946035596 0,799311452570127 -0,828246499074235 -1,02646613895254
0,609983149472709 0,793397439799842 0,288587536297869 0,588394772439541 0,544898591730205 0,460446073520958 0,432448838081328 0,440467282549141 0,664491702760541 -1,33238727747028 0,0269589651417985 0,799737546246156 0,442024226148556 0,416037187095147 0,43106771831918 0,328911551930157 0,49529382396894 0,438610516460252 0,800692938458161 -0,0634506600003819 0,429432275303047 0,459476209205813 0,407450939442049 -0,75503369006731 -0,62375224576574 0,561939112238886 0,438471149059523 0,445736389497474 0,434614813184753 -1,16596014800865 0,587480164015161 0,925651892595482 0,474913228224471 0,434674454468764 0,527927090632687 0,288313829922925 0,530527266197771 0,35984465382118 0,48281345500661 -1,37620270730336 -1,81401785677169
-0,00922378755929809 1,28967883337349 0,917166460615287 0,232998325359632 -0,0613042280426357 0,927380388473232 1,41926313996247 1,0841222276932 0,919145173732818 -0,273686009018982 -1,06364634222897 1,2814870801371 1,16211305669771 -0,263777036598936 1,30727540418647 -0,836515236621984 1,08718538428065 1,08929960568982 0,471030603158666 -1,16192818412102 -0,106345844502277 0,939322110300796 -0,257560394273129 -1,34861533683771 -1,28472369690236 -0,0243043573472131 1,2753414231623 1,07172084309142 1,39561380774929 -1,36004933046579 0,339466974766461
-0,130868698449011 1,44205010176297 -0,0359215393717465 0,0273939461639738 -0,000271072423009972 0,705776567894246 0,72246304109284 0,96225467839397 -0,0280114856686704 -1,48552533670297 -0,87477928077267 1,39587972981121 0,741208954364331 -0,314067791681488 0,756895072247083 -0,79566889639552 1,07825926482467 0,950584919245358 -0,358379266435218 -0,935223466105317 -0,158518260982559 0,713733591207662 -0,308441058863081 -1,13593454170246 -1,05473206447685 0,0610827958004885 0,694961811933548 0,989848681708869 0,708740693379916 -1,20796215167454 -1,01845859028069
0,259330697850822 0,746302864518555 0,724778121876827 0,143793800604669 0,438611003092089 0,521226323203736 1,00584527437698 0,604836516676853 0,719531960560114 -0,228119273607254 -0,844064979342651 0,756787797245212 0,619543645843059 -0,112366174870939 0,812322751876768 -0,752947244289683 0,645500187294734 0,595207391377266 0,642463037726726 -0,81325402246929 0,0689695394965342 0,523609513692393 -0,104255246163752 -0,750765470573538 -0,750796709578653 0,462215661645058 0,818726362585821 0,625082973075532 0,966961900932174 -0,795297218843169 -1,75188726246251
0,33334407147884 0,684390800567054 0,642560466426971 0,240865668467167 0,41675258512544 0,522290562372874 1,05120929418129 0,584565308544248 0,633483429579688 -0,455720574101116 -0,829073184204983 0,697281670609951 0,667056299279202 0,110825245814822 0,890414205779397 -0,706476087297032 0,623122449275619 0,578317380619606 0,617594293555115 -0,79896004391948 0,256174088253125 0,526679648969061 0,118760155719322 -0,768989613482063 -0,742626320823717 0,423927421909957 0,896296057014509 0,599685280652237 1,01793291891783 -0,887550639512719 -2,39531463378143
0,576523110709062 1,21234223963573 0,767433376001362 0,574363860660563 0,472685899836527 0,993986323377141 1,12944702182664 1,14991955795047 0,768395001908051 -0,421727938148155 -0,591123895197043 1,20580243128685 1,1201319557721 0,0702147394095651 1,18951811934718 -0,510577525661566 1,1612298682493 1,15310030794149 0,475039296750256 -0,621666043209899 0,221108331347644 1,00354464658658 0,0759941397634972 -0,677254479151406 -0,661449273898392 0,485754884808882 1,14625394124512 1,14270447689863 1,13017168611693 -0,658599151338988 -0,135725921566608
-0,186017617894644 1,21513707279202 0,418493085191382 0,471149462584367 0,107184195295391 0,802162633920664 0,549027346366732 0,984127843584656 0,426530939299396 -1,14030150531605 -0,489453729687598 1,17037643014061 0,839710551811492 0,296296980618907 0,777740007627806 -0,359343110978994 1,03735856847693 0,983111252468484 -0,756920521697009 -0,633420569684188 0,388571068900687 0,808721537588099 0,300924141064763 -0,925026538856832 -0,831636892237835 0,135656595837431 0,719206933328434 0,986293545608113 0,622677227493208 -1,06981106935924 -0,469614628441675
0,201320902687605 1,26297623024741 -0,0163763305266058 0,239939940963198 0,294616425827052 0,815245511994011 0,452770838392367 1,22545078132806 -0,00831584459380041 -1,44712404498248 -0,626728013657694 1,2211629560424 0,567091786217485 -0,134519386883359 0,526927988002226 -0,60484741795839 1,35830115285902 1,20772444179406 -0,509927331568774 -0,645161138844933 0,0159049090878611 0,814558276067431 -0,129147886422431 -0,695139321500792 -0,671220229474934 0,359842121468102 0,448323699599688 1,26109480813234 0,407296006982689 -0,720631862422428 -0,848599649431337
0,017260476402413 1,36572832324587 -0,0939352981219419 0,0906352882427002 0,0976846944434328 0,709820472785358 0,59147153072443 1,02369259064787 -0,0859563186683394 -1,51355056676447 -0,815429140692926 1,31935338157896 0,637502853402935 -0,270474268584532 0,641187788410326 -0,748970409166337 1,14864081072588 1,00952055967878 -0,469189035173721 -0,864767403026578 -0,114949641148115 0,714613628264481 -0,264897331805406 -0,998821220028998 -0,953606906400421 0,164633378447347 0,578002660815258 1,05508473618973 0,573654906483978 -1,01354092081847 -0,979185678185394
0,261969772944747 0,75972505116243 0,734393227114933 0,132196500799968 0,431378436428733 0,528926525349107 0,99505305930188 0,616495122356218 0,7295000583902 -0,219242594815682 -0,844876437704813 0,769320859074567 0,620648923426501 -0,13237216522123 0,805811484801067 -0,757269364092379 0,657489318468738 0,606974955115041 0,648990822012645 -0,816566218266505 0,0462287528553536 0,531167824125871 -0,124414517451026 -0,760150335564064 -0,758713525724912 0,454347238455656 0,810830366486369 0,636401917887247 0,95682371710149 -0,804600404276557 -1,65908299233904
0,578342781658591 0,944169773458547 0,786267439686671 0,514793185207123 0,563146736113717 0,653462262475072 0,718969624270081 0,787411326176591 0,785305712136178 0,404015789647867 -0,0750613985468589 0,939821764230228 0,674868208641847 0,386402940516171 0,710290415115888 0,00885809592605918 0,849231820395457 0,778005017544798 0,580186868355837 -0,10267929012134 0,449517548559487 0,654808911427968 0,388005287603688 -0,158446745528165 -0,135369491142028 0,569708922214043 0,684354445110842 0,807978689053015 0,707925324692321 -0,13338455817568 1,54374879254258
2,17584469921149 0,221607472404721 0,030406480164115 0,215295540776463 0,449988318516719 0,0125233135917729 0,0811870515567684 0,121349557334 0,0244061309896372 -1,52301512414557 -0,330453077130293 0,291417287140737 0,0888348167554686 0,460459342749406 0,127013669469283 -0,281711140041536 0,288353366672019 0,0948473093869598 3,13545920447805 -0,327742557213634 0,421340830455663 0,0128916670703889 0,460394694731479 -0,553727352018795 -0,369240574675694 0,363267816642698 0,114790937284314 0,200343816158377 0,10502851780566 -0,983786655000267 -2,77785717637246
-0,133331051779368 1,43911631314727 -0,0365849699535072 0,0285786239528192 -0,000664311618944198 0,705169722932328 0,720680525532702 0,96095717707072 -0,0286734783391953 -1,48582667528416 -0,873069360777356 1,39280449176116 0,740064234469631 -0,311677736462287 0,755283560168523 -0,793865271548096 1,07631617129137 0,949406187458635 -0,366068586486323 -0,933653681598786 -0,156803196293184 0,713117857155348 -0,306059584229522 -1,13412243867646 -1,05320945303689 0,061038542209814 0,693402947550738 0,98826779889172 0,707008554278458 -1,20550505337069 -1,0152492459435
0,33893802578484 1,27398807226852 0,0186701873059469 0,275020019010802 0,437270418008687 0,875721404835958 0,493799462791923 1,23090080741311 0,0266340215943552 -1,49464103527875 -0,605770894512727 1,23000336910946 0,798078612100378 -0,151914837353071 0,683590204309382 -0,637518952524809 1,34341039462172 1,21741791944551 -0,614676010028974 -0,590040321602602 0,000118251687855864 0,876213588476589 -0,146470743902659 -0,506935709377146 -0,525967015546791 0,479812696813907 0,59676617904457 1,25769291006863 0,496027614951092 -0,544246841878194 -0,786397259905491
0,588665662943545 0,607387656429625 0,411994402460375 0,287072836857279 0,34943021757999 0,549359959472866 0,965827804854483 0,598336633586845 0,401856113159557 -0,891492651092772 -0,696108404009527 0,619859215358342 0,691822249756253 0,334089656144427 0,915102008075123 -0,561033230111439 0,628234105659388 0,594585373571095 0,722678921674927 -0,686490790774469 0,373621399861911 0,554429234876965 0,338494089937082 -0,792746438857782 -0,688736971790807 0,329355383583729 0,914293834057896 0,609392878772403 0,956165618452865 -1,07649112012854 -2,82799347562856
0,225317029860617 1,28269499375894 -0,0106753984490903 0,229364258363596 0,304834797634179 0,822521291634573 0,474457365383916 1,23700932235828 -0,00262793101203424 -1,44367480304425 -0,63715287369631 1,24019122779465 0,583425852014197 -0,141915839703247 0,546691964257599 -0,612076760184585 1,3766935550764 1,21825055866116 -0,489189945961278 -0,657132083753192 0,00944550445197829 0,822073799279816 -0,136516967063926 -0,70652908470513 -0,684010830919562 0,369737194605715 0,468024930318789 1,27524245083365 0,428596806695646 -0,724502738369105 -0,849467790948632
1,7261831598108 0,388027606933204 -0,0813092510722613 0,291020483494909 0,908146959908298 0,530906861561403 0,236758701114987 0,66694045244185 -0,0879587016953786 -1,66470036011507 -0,332905022331547 0,403445163217684 0,345332017409053 0,421047798797828 0,276958728388198 -0,356489735784803 0,786035808116252 0,644505317680775 1,11613841751029 -0,271608883771202 0,546953789751923 0,529018474153268 0,424110697733262 -0,310014375542889 -0,201902534069464 0,773220127180182 0,239489993557463 0,722151995038698 0,225637260704748 -0,699320379667424 -2,86037931789206
-0,146293627994642 1,4054455718352 -0,0536476639081534 0,0462710465899807 0,000898277682912293 0,696839569571186 0,692495807281616 0,946203493794539 -0,0456973929082261 -1,49317024742365 -0,850802361359553 1,35784612926606 0,72081403195378 -0,284297860666987 0,730935469185412 -0,771014858827555 1,05359729247841 0,936078492509489 -0,450051942276678 -0,91190123962042 -0,136913004191853 0,704563965015369 -0,278787302507792 -1,10411520746317 -1,02921563387565 0,0660225815206989 0,669518535328877 0,97008559302338 0,679149242303938 -1,16487433398378 -0,984803852581137
0,0571131457128473 1,35390752021382 -0,085673117188595 0,10398800269366 0,126832041581258 0,724097000883857 0,565360542302578 1,06255513293239 -0,0776903080078272 -1,50952230359356 -0,801178036303583 1,3079297462582 0,614324200676131 -0,261826271278682 0,614016611842806 -0,740116954288864 1,19562439624471 1,04665277107956 -0,467759286170465 -0,846890607157258 -0,105157038523911 0,727936748272924 -0,256241705666116 -0,97053689115015 -0,929424961363052 0,194954898973657 0,549511590019908 1,09727483807178 0,544158481839895 -0,977451498457145 -0,965078498562476
-0,0372655584900991 1,28227892139538 0,908573119847005 0,243338158394436 -0,049656026591968 0,913697303926552 1,40284056154332 1,0832278881987 0,909995700385539 -0,272250026840423 -1,06350685909991 1,27427607094198 1,14916398528115 -0,259316078715026 1,29506195939129 -0,843813370562329 1,09002175284523 1,08781025943848 0,426388802724445 -1,1570966644804 -0,0973781789972348 0,926108915522386 -0,253084972860389 -1,32900695806208 -1,27223862322774 -0,00935934822506075 1,26023845227009 1,07230579428071 1,3785137664743 -1,32620688218801 0,331329034638869
2,11186356973482 0,173077687262245 -0,193465854998277 0,254927863392166 0,960325219859473 0,578903637190938 0,0436949954810663 0,697037976759811 -0,198588689952855 -1,73890228825642 -0,217377066430147 0,205530228081383 0,316320240063561 0,350450678662913 0,137779256045457 -0,318671255739715 0,811959921193048 0,675895207115166 1,66137617801831 -0,106859205901857 0,425335062409285 0,576835553431419 0,351810834036782 -0,0430302134348234 0,0348914012066143 0,848691749731386 0,0842300863614962 0,749965884275376 0,0214433946720177 -0,420562805189761 -2,89358610758417
0,723796805791994 0,943397207699768 0,521222891405735 0,512230820566673 -0,197259174456156 0,608297260519522 0,807991324676375 0,83996621606614 0,526880495468659 -0,721504252661492 0,196977563761176 0,938412223593211 0,786948213279905 0,425645136811029 0,819994337735472 0,146898662477867 0,881767770315028 0,836269342026369 0,712397083268533 -0,141508769031256 -0,657630923871727
0,649468701514532 2,85401555231346 -0,608765051831183 -0,670520839140786 1,11906582590446 3,64814071012188 2,86644160360798 2,60078389316313 -0,561519758792293 -3,24242411223011 -3,34825283169305 2,8530007723726 3,54519421134571 -0,747048229843021 2,8754424552883 -0,596812838853151 2,795520432763 2,63187624908422 0,609740571791453 -1,15046884574067 -2,95733047762849
0,585018781490109 0,991319628733434 0,475420357257996 0,440214423030392 0,182685142076723 0,669060343579595 0,826945519076816 0,888800170759818 0,479134164323095 -0,361596594435028 0,174420898090385 0,986423120412377 0,784000393354908 0,348600272953078 0,838685130256026 0,170310380131034 0,930914493331683 0,884004045067461 0,570658101377604 0,00556663339375357 -0,0900797634861205
0,615636284103037 1,00017906670048 0,508290858472038 0,468065300995717 0,393197398732384 0,734275686266034 0,83903148605561 0,898803620960902 0,511790072752991 -0,133053503137695 0,200956869594665 0,995300201255999 0,807222721197841 0,378127377382349 0,850367205684903 0,236185715269615 0,940065283762548 0,894332168133359 0,600683830557789 0,120773939544328 0,209601712127527
0,613308660226686 0,975858997121168 0,474936892201301 0,447873300987828 -0,0582327625262185 0,612450796159706 0,818896080886746 0,872365457107789 0,479373586372865 -0,600056980892548 0,171293628207824 0,970930442077427 0,776889509681953 0,353293480517692 0,831177004997173 0,125195280636597 0,914965608067319 0,867666808586886 0,600100333187558 -0,100037947372637 -0,419520817047262
-0,677997200003765 1,16548366046909 -0,0669654920232091 0,108348840227059 -0,782835074451145 0,548782213432596 0,705985020923758 0,903512710512314 -0,0859596474428479 -1,66008464351101 3,16886848698559 1,15099008739462 0,64705983836325 0,272708055515852 0,749731344883999 0,44926266315081 0,984039087510583 0,895742558846626 -0,680268681074846 1,11387894492755 -2,16826863074819
1,34321604276984 0,180113339689619 0,713199123728932 0,821819929990169 -0,670272091716033 -0,233306499769552 -0,272818973002957 -0,184146058765432 0,703279811967973 -1,62503899747311 1,53246689004245 0,167877757796505 -0,0331566395005889 0,954860207624033 -0,223296978469267 1,45770304503515 0,00915487978591264 -0,19623204061309 1,30884365299957 1,67427774465623 -2,14790937177918
0,608228598789915 0,841190538344618 0,163956061630247 0,0114709532767505 0,651882001847474 0,600383362813188 0,691108005771247 0,728882283878364 0,174127403580817 -0,828028710895215 -0,0358748841851122 0,835652262338657 0,706562115954398 -0,147483605601428 0,706512589194972 -0,0920947871397693 0,773006271700834 0,726070874520547 0,614798059475019 -0,273327727164202 -1,47760634979003
0,583627262633398 0,990356767451982 0,473332087051872 0,438713401488717 0,162147612208052 0,662979747622776 0,825935336851668 0,887733586748377 0,477072923299791 -0,382704719402607 0,173040778951714 0,985458211298543 0,782195693782554 0,346896512260192 0,83772007245526 0,164861062310708 0,929918956923478 0,882916953476172 0,569342728021462 -0,00455066085336136 -0,117775410587755
0,676983694002894 1,00583502437021 0,636900051525359 0,606408981773847 0,695967114617904 0,807451655463805 0,852461970668186 0,906792496771803 0,638270912996431 0,527034982691865 0,476076231027758 1,00099704857748 0,833355255460899 0,537481057938129 0,863225006503569 0,495354320847455 0,946385003565525 0,902901573219584 0,664919134247545 0,524124513485789 1,0466818133795
1,28180661132572 -5,0419379377107 0,533654328858952 0,157068763229334 0,951936773954201 3,57727494982017 3,60872460218087 0,547545119608536 0,567453388929492 -1,4181675507862 -2,30939211860953
-0,157333973391195 6,43407962401579 -0,366547214141025 -0,42563668028629 -0,272026587639389 -1,46470789021301 -0,761349449072972 1,98358501783145 -0,360298391500386 -0,672604178245381 -0,481532079969306
